# Inverse covariance matrix for the global fit to precision observables.
# Calculated from the correlation matrix and uncertainties on the central 
# values of c0.dat.
8.08147e6 7.51161e6 399312. 3.36069e6 375543. 280753. -2.42646e6 30320. 111764. 354901. 354901. 5.68434e-14 -159561. -159561. -434682. -434682. -438336. 79780.7 79780.7 79780.7 -7878.82 -13223.5 -10504.5 0 0 0 -3.55913e6 0 0 0 0 0 0 0 0 6172.84
7.51161e6 7.73004e6 221208. 3.27675e6 380003. 280753. -2.47809e6 30320. 111764. 354604. 354604. 5.68434e-14 -159561. -159561. -434384. -434384. -438336. 79780.7 79780.7 79780.7 0 0 0 0 0 0 -3.64748e6 2376.18 0 -2059.72 0 94518. 0 0 0 0
399312. 221208. 622164. 3.2815e6 375543. 280753. -2.48221e6 30320. 111764. 355648. 355648. 0 -159561. -159561. -435428. -435428. -438336. 79780.7 79780.7 79780.7 0 0 0 0 0 0 100563. 0 0 0 0 -94518. 0 0 0 -6172.84
3.36069e6 3.27675e6 3.2815e6 4.16807e7 3.17368e6 2.34115e6 -2.02622e7 253779. 887772. 2.49578e6 2.48898e6 0 -1.11065e6 -1.1419e6 -3.05111e6 -3.05111e6 -2.82306e6 555327. 555327. 693199. -6554.63 -3833.61 -6748.33 14152.3 -182906. -119508. -27745.4 -32042.4 3939.74 4078.63 -25757.9 -14480.4 -14480.4 3166.34 -13441.6 0
375543. 380003. 375543. 3.17368e6 7.41329e6 -65318.1 -2.18697e6 -5.69684e6 364431. 1.45075e6 1.45075e6 0 -645602. -645602. -1.77355e6 -1.77355e6 -1.77355e6 322801. 322801. 322801. 0 0 0 0 0 0 -27745.4 -25369.2 3939.74 1880.02 -25757.9 0 0 0 0 0
280753. 280753. 280753. 2.34115e6 -65318.1 4.71529e6 -1.66039e6 288042. -2.11776e6 824048. 824048. 0 -366711. -366711. -1.0074e6 -1.0074e6 -1.0074e6 183356. 183356. 183356. 0 0 0 0 0 0 2.32831e-10 0 0 0 0 -14480.4 -14480.4 3166.34 -13441.6 0
-2.42646e6 -2.47809e6 -2.48221e6 -2.02622e7 -2.18697e6 -1.66039e6 3.13715e7 -48921.7 -597891. -1.84796e6 -1.85587e6 0 822363. 785969. 2.25914e6 2.25914e6 2.52476e6 -411181. -411181. -250594. -1595.04 -1680.88 -1849.61 124021. 215236. 7451.93 20520. 20658.9 -7064.62 -11361.6 19049.8 10849.9 10849.9 -4778.76 10071.5 0
30320. 30320. 30320. 253779. -5.69684e6 288042. -48921.7 5.27741e6 -225114. -931964. -931964. 0 414736. 414736. 1.13933e6 1.13933e6 1.13933e6 -207368. -207368. -207368. 0 0 0 0 0 0 20520. 20520. -7064.62 -7064.62 19049.8 0 0 0 0 0
111764. 111764. 111764. 887772. 364431. -2.11776e6 -597891. -225114. 3.86564e6 -398611. -398611. 0 177387. 177387. 487304. 487304. 487304. -88693.4 -88693.4 -88693.4 0 0 0 0 0 0 0. 0 0 0 0 10849.9 10849.9 -4778.76 10071.5 0
354901. 354604. 355648. 2.49578e6 1.45075e6 824048. -1.84796e6 -931964. -398611. 1.01501e6 984700. 0 -445847. -431124. -1.2359e6 -1.23119e6 -770473. 222735. 222739. 145047. 0 0 0 0 0 0 -383.1 0 0 0 0 0 0 0 0 0
354901. 354604. 355648. 2.48898e6 1.45075e6 824048. -1.85587e6 -931964. -398611. 984700. 1.04752e6 0 -434911. -438040. -1.20047e6 -1.20079e6 -803242. 217149. 217149. 154215. 0 0 0 0 0 0 -383.1 0 0 0 0 0 0 0 0 0
5.68434e-14 5.68434e-14 0 0 0 0 0 0 0 0 0 694.884 0 0 0 0 -694.884 0 0 0 0 0 0 0 0 0 -2.84217e-14 0 0 0 0 0 0 0 0 0
-159561. -159561. -159561. -1.11065e6 -645602. -366711. 822363. 414736. 177387. -445847. -434911. 0 200972. 191855. 544554. 544601. 342870. -99815.5 -99121.8 -64547.7 0 0 0 0 0 0 -5.82077e-11 0 0 0 0 0 0 0 0 0
-159561. -159561. -159561. -1.1419e6 -645602. -366711. 785969. 414736. 177387. -431124. -438040. 0 191855. 228191. 526303. 526303. 378847. -95791.5 -95791.5 -68461.9 0 0 0 0 0 0 -8.73115e-11 0 0 0 0 0 0 0 0 0
-434682. -434384. -435428. -3.05111e6 -1.77355e6 -1.0074e6 2.25914e6 1.13933e6 487304. -1.2359e6 -1.20047e6 0 544554. 526303. 1.50916e6 1.50455e6 942971. -272594. -272494. -177514. 0 0 0 0 0 0 383.1 0 0 0 0 0 0 0 0 0
-434682. -434384. -435428. -3.05111e6 -1.77355e6 -1.0074e6 2.25914e6 1.13933e6 487304. -1.23119e6 -1.20079e6 0 544601. 526303. 1.50455e6 1.50487e6 942971. -272494. -272436. -177514. 0 0 0 0 0 0 383.1 0 0 0 0 0 0 0 0 0
-438336. -438336. -438336. -2.82306e6 -1.77355e6 -1.0074e6 2.52476e6 1.13933e6 487304. -770473. -803242. -694.884 342870. 378847. 942971. 942971. 2.84828e6 -171629. -171629. -492151. 0 0 0 0 0 0 0. 0 0 0 0 0 0 0 0 0
79780.7 79780.7 79780.7 555327. 322801. 183356. -411181. -207368. -88693.4 222735. 217149. 0 -99815.5 -95791.5 -272594. -272494. -171629. 49833.4 49596.1 32309.1 0 0 0 0 0 0 2.91038e-11 0 0 0 0 0 0 0 0 0
79780.7 79780.7 79780.7 555327. 322801. 183356. -411181. -207368. -88693.4 222739. 217149. 0 -99121.8 -95791.5 -272494. -272436. -171629. 49596.1 49913.2 32309.1 0 0 0 0 0 0 1.45519e-11 0 0 0 0 0 0 0 0 0
79780.7 79780.7 79780.7 693199. 322801. 183356. -250594. -207368. -88693.4 145047. 154215. 0 -64547.7 -68461.9 -177514. -177514. -492151. 32309.1 32309.1 105355. 0 0 0 0 0 0 2.18279e-11 0 0 0 0 0 0 0 0 0
-7878.82 0 0 -6554.63 0 0 -1595.04 0 0 0 0 0 0 0 0 0 0 0 0 0 1361.95 620.767 1353.44 0 0 0 0 0 0 0 0 0 0 0 0 0
-13223.5 0 0 -3833.61 0 0 -1680.88 0 0 0 0 0 0 0 0 0 0 0 0 0 620.767 484.959 671.713 0 0 0 0 0 0 0 0 0 0 0 0 0
-10504.5 0 0 -6748.33 0 0 -1849.61 0 0 0 0 0 0 0 0 0 0 0 0 0 1353.44 671.713 1366.08 0 0 0 0 0 0 0 0 0 0 0 0 0
0 0 0 14152.3 0 0 124021. 0 0 0 0 0 0 0 0 0 0 0 0 0 0 0 0 124872. 173420. 60587.6 0 0 0 0 0 0 0 0 0 0
0 0 0 -182906. 0 0 215236. 0 0 0 0 0 0 0 0 0 0 0 0 0 0 0 0 173420. 530917. 170513. 0 0 0 0 0 0 0 0 0 0
0 0 0 -119508. 0 0 7451.93 0 0 0 0 0 0 0 0 0 0 0 0 0 0 0 0 60587.6 170513. 121339. 0 0 0 0 0 0 0 0 0 0
-3.55913e6 -3.64748e6 100563. -27745.4 -27745.4 2.18279e-10 20520. 20520. 0 -383.1 -383.1 -2.84217e-14 -5.82077e-11 -8.73115e-11 383.1 383.1 2.84217e-14 2.91038e-11 1.45519e-11 2.18279e-11 0 0 0 0 0 0 1.94661e6 119848. 29525.7 29525.7 111327. -47259. 0 0 0 -3086.42
0 2376.18 0 -32042.4 -25369.2 0 20658.9 20520. 0 0 0 0 0 0 0 0 0 0 0 0 0 0 0 0 0 0 119848. 121996. 29525.7 29456.3 111327. 0 0 0 0 0
0 0 0 3939.74 3939.74 0 -7064.62 -7064.62 0 0 0 0 0 0 0 0 0 0 0 0 0 0 0 0 0 0 29525.7 29525.7 48440.4 48440.4 27429.4 0 0 0 0 0
0 -2059.72 0 4078.63 1880.02 0 -11361.6 -7064.62 0 0 0 0 0 0 0 0 0 0 0 0 0 0 0 0 0 0 29525.7 29456.3 48440.4 50588.9 27429.4 0 0 0 0 0
0 0 0 -25757.9 -25757.9 0 19049.8 19049.8 0 0 0 0 0 0 0 0 0 0 0 0 0 0 0 0 0 0 111327. 111327. 27429.4 27429.4 103412. 0 0 0 0 0
0. 94518. -94518. -14480.4 0 -14480.4 10849.9 0 10849.9 0 0 0 0 0 0 0 0 0 0 0 0 0 0 0 0 0 -47259. 0 0 0 0 107772. 60513.1 13458. 56206.3 0
0 0 0 -14480.4 0 -14480.4 10849.9 0 10849.9 0 0 0 0 0 0 0 0 0 0 0 0 0 0 0 0 0 0 0 0 0 0 60513.1 60513.1 13458. 56206.3 0
0 0 0 3166.34 0 3166.34 -4778.76 0 -4778.76 0 0 0 0 0 0 0 0 0 0 0 0 0 0 0 0 0 0 0 0 0 0 13458. 13458. 27445.8 12501.1 0
0 0 0 -13441.6 0 -13441.6 10071.5 0 10071.5 0 0 0 0 0 0 0 0 0 0 0 0 0 0 0 0 0 0 0 0 0 0 56206.3 56206.3 12501.1 52206.2 0
6172.84 0. -6172.84 0 0 0 0 0 0 0 0 0 0 0 0 0 0 0 0 0 0 0 0 0 0 0 -3086.42 0 0 0 0 0 0 0 0 3086.42